-0.2
120306,-0.2
120399,-0.2
120493,-0.2
120586,-0.2
120678,-0.2
120771,-0.2
120864,-0.2
120956,-0.2
121050,-0.2
121143,-0.2
121235,-0.2
121328,-0.2
121421,-0.2
121515,-0.2
121607,-0.2
121700,-0.2
121793,-0.2
121885,-0.2
121978,-0.1
122072,-0.2
122164,-0.2
122257,-0.2
122350,-0.2
122442,-0.2
122535,-0.2
122629,-0.2
122722,-0.2
122814,-0.2
122907,-0.2
123000,-0.2
123092,-0.1
123186,-0.2
123279,-0.2
123371,-0.2
123464,-0.1
123557,-0.2
123651,-0.2
123743,-0.2
123836,-0.2
123929,-0.2
124021,-0.2
124114,-0.2
124208,-0.2
124300,-0.2
124393,-0.2
124486,-0.2
124578,-0.2
124672,-0.2
124765,-0.2
124858,-0.2
124950,-0.1
125043,-0.2
125136,-0.2
125229,-0.2
125322,-0.2
125415,-0.2
125507,-0.2
125600,-0.2
125693,-0.2
125786,-0.2
125879,-0.2
125972,-0.2
126065,-0.2
126157,-0.2
126251,-0.2
126344,-0.2
126436,-0.2
126529,-0.2
126622,-0.2
126714,-0.2
126808,-0.1
126901,-0.1
126993,-0.2
127086,-0.2
127179,-0.2
127272,-0.2
127365,-0.2
127458,-0.1
127551,-0.2
127643,-0.2
127736,-0.2
127830,-0.2
127922,-0.2
128015,-0.2
128108,-0.1
128201,-0.1
128293,-0.2
128387,-0.2
128480,-0.1
128572,-0.1
128665,-0.1
128758,-0.2
128850,-0.2
128944,-0.1
129037,-0.2
129129,-0.2
129222,-0.1
129315,-0.2
129409,-0.2
129501,-0.2
129594,-0.2
129687,-0.1
129779,-0.2
129872,-0.2
129966,-0.2
130058,-0.2
130151,-0.2
130244,-0.2
130336,-0.2
130429,-0.2
130523,-0.2
130616,-0.1
130708,-0.1
130801,-0.2
130894,-0.2
130987,-0.2
131080,-0.2
131173,-0.2
131265,-0.2
131358,-0.2
131451,-0.2
131545,-0.2
131637,-0.2
131730,-0.2
131823,-0.2
131915,-0.1
132008,-0.2
132102,-0.2
132194,-0.2
132287,-0.1
132380,-0.2
132472,-0.2
132566,-0.1
132659,-0.2
132752,-0.2
132844,-0.2
132937,-0.2
133030,-0.1
133123,-0.1
133216,-0.1
133309,-0.1
133401,-0.2
133494,-0.1
133587,-0.1
133680,-0.2
133773,-0.1
133866,-0.1
133959,-0.2
134051,-0.2
134145,-0.2
134238,-0.2
134330,-0.2
134423,-0.2
134516,-0.1
134608,-0.1
134702,-0.1
134795,-0.1
134887,-0.1
134980,-0.2
135073,-0.2
135166,-0.2
135259,-0.2
135352,-0.1
135445,-0.1
135537,-0.1
135630,-0.1
135724,-0.1
135816,-0.2
135909,-0.2
136002,-0.2
136094,-0.2
136187,-0.2
136281,-0.1
136374,-0.1
136466,-0.1
136559,-0.2
136652,-0.2
136744,-0.2
136838,0
reset
870,-0.0
973,-0.0
1067,-0.0
1159,0.0
1252,0.0
1345,0.0
1437,-0.0
1530,0.0
1624,0.0
1716,0.0
1809,0.0
1902,0.0
1995,0.0
2087,0.0
2181,0.0
2274,0.0
2366,0.0
2459,0.0
2552,0.0
2644,0.0
2738,0.0
2831,0.2
2924,0.3
3016,0.4
3109,0.5
3203,0.5
3295,0.5
3388,0.5
3481,0.5
3573,0.6
3666,0.4
3760,-0.1
3852,-0.4
3945,-0.5
4038,-0.2
4131,0.5
4224,1.3
4317,1.8
4410,2.2
4502,3.1
4595,4.9
4688,6.7
4781,7.6
4874,8.5
4967,10.0
5059,11.6
5152,12.9
5245,13.8
5339,14.4
5431,14.7
5524,13.4
5617,11.2
5709,8.8
5803,6.3
5896,4.0
5988,2.5
6081,1.8
6174,1.5
6266,1.5
6360,1.4
6453,1.2
6546,0.8
6638,0.4
6731,0.2
6824,-0.0
6917,-0.0
7010,0.2
7103,0.5
7195,0.6
7288,0.9
7382,1.6
7474,2.9
7567,5.0
7660,7.7
7753,10.4
7845,12.1
7939,13.5
8032,15.0
8124,16.4
8217,17.5
8310,18.5
8402,18.9
8496,19.0
8589,18.8
8681,17.6
8774,15.8
8867,14.3
8961,12.4
9053,9.2
9146,6.4
9239,4.5
9331,3.2
9424,2.4
9518,1.9
9610,1.5
9703,1.3
9796,1.2
9888,1.1
9981,1.0
10075,0.9
10167,0.9
10260,0.8
10353,0.9
10446,0.9
10539,1.1
10632,1.2
10725,1.4
10817,1.7
10910,2.1
11003,2.6
11096,3.3
11189,4.1
11282,5.4
11374,7.1
11467,8.6
11560,10.2
11654,11.7
11746,12.9
11839,13.8
11932,14.1
12024,14.1
12118,13.9
12211,13.9
12303,14.0
12396,13.9
12489,13.6
12581,12.8
12675,11.8
12768,10.4
12861,8.1
12953,6.5
13046,5.4
13139,4.1
13232,2.6
13325,2.0
13418,1.6
13510,1.4
13603,1.2
13697,1.2
13789,1.2
13882,1.1
13975,1.2
14067,1.2
14160,1.1
14254,1.2
14347,1.4
14439,2.1
14532,3.5
14625,4.8
14717,6.2
14811,7.9
14904,9.8
14996,11.4
15089,12.3
15182,12.8
15275,13.0
15368,12.9
15461,12.7
15554,12.1
15646,11.3
15739,10.3
15833,9.0
15925,7.5
16018,6.0
16111,4.5
16203,3.3
16296,2.5
16390,1.8
16482,1.4
16575,1.3
16668,1.3
16760,1.2
16854,1.1
16947,1.1
17040,1.2
17132,1.2
17225,1.2
17318,1.2
17411,1.2
17504,1.3
17597,1.3
17689,1.3
17782,1.4
17875,1.7
17968,2.2
18061,2.9
18154,3.6
18247,4.4
18339,5.5
18433,6.6
18526,7.8
18618,9.0
18711,10.0
18804,10.9
18896,11.6
18990,12.2
19083,12.5
19175,12.7
19268,12.7
19361,12.6
19454,12.6
19547,12.9
19640,13.0
19733,12.7
19825,12.4
19918,12.0
20012,11.7
20104,11.5
20197,11.2
20290,10.8
20382,9.7
20475,7.4
20569,5.5
20661,4.2
20754,2.7
20847,1.5
20940,1.2
21032,1.2
21126,1.3
21219,1.3
21311,1.2
21404,1.2
21497,1.3
21590,1.2
21683,1.1
21776,1.0
21868,0.9
21961,1.0
22054,1.0
22148,1.0
22240,0.7
22333,0.2
22426,0.1
22518,0.1
22611,0.1
22705,0.2
22797,0.2
22890,0.2
22983,0.1
23075,0.1
23169,0.1
23262,0.1
23355,0.1
23447,0.1
23540,0.1
23633,0.1
23726,0.0
23819,0.0
23912,-0.0
24004,-0.0
24097,0.0
24190,-0.0
24284,0.0
24376,0.0
24469,0.0
24562,0.0
24654,0.0
24748,-0.0
24841,-0.0
24933,-0.0
25026,-0.0
25119,-0.0
25211,-0.0
25305,0.0
25398,0.0
25490,-0.0
25583,-0.0
25676,-0.0
25769,-0.0
25862,-0.1
25955,-0.0
26048,-0.0
26140,-0.0
26233,-0.1
26327,-0.1
26419,-0.1
26512,-0.1
26605,-0.1
26697,-0.1
26790,-0.0
26884,-0.0
26977,-0.0
27069,-0.0
27162,-0.1
27255,-0.1
27347,-0.1
27441,-0.1
27534,-0.1
27626,-0.1
27719,-0.1
27812,-0.1
27905,-0.1
27998,-0.1
28091,-0.1
28184,-0.1
28276,-0.1
28369,-0.1
28463,-0.1
28555,-0.1
28648,-0.1
28741,-0.1
28833,-0.1
28926,-0.1
29020,-0.1
29112,-0.1
29205,-0.1
29298,-0.1
29391,-0.1
29484,-0.1
29577,-0.1
29670,-0.1
29762,-0.1
29855,-0.1
29948,-0.1
30041,-0.1
30134,-0.1
30227,-0.1
30319,-0.1
30412,-0.1
30505,-0.1
30598,-0.1
30691,-0.1
30784,-0.1
30877,-0.1
30969,-0.1
31063,-0.1
31156,-0.1
31248,-0.1
31341,-0.1
31434,-0.1
31526,-0.1
31620,-0.1
31713,-0.1
31805,-0.1
31898,-0.1
31991,-0.1
32084,-0.1
32177,-0.1
32270,-0.1
32363,-0.1
32455,-0.1
32548,-0.1
32642,-0.1
32734,-0.1
32827,-0.1
32920,-0.1
33012,-0.1
33105,-0.1
33199,-0.1
33291,-0.1
33384,-0.1
33477,-0.1
33570,-0.1
33662,-0.1
33756,-0.1
33849,-0.1
33941,-0.1
34034,-0.1
34127,-0.1
34220,-0.1
34313,-0.1
34406,-0.1
34498,-0.1
34591,-0.1
34684,-0.1
34778,-0.1
34870,-0.1
34963,-0.1
35056,-0.1
35148,-0.1
35241,-0.1
35335,-0.1
35427,-0.1
35520,-0.1
35613,-0.1
35705,-0.1
35799,-0.1
35892,-0.1
35984,-0.1
36077,-0.1
36170,-0.1
36263,-0.1
36356,-0.1
36449,-0.1
36542,-0.1
36634,-0.1
36727,-0.1
36820,-0.1
36913,-0.1
37006,-0.1
37099,-0.1
37191,-0.1
37284,-0.1
37378,-0.1
37471,-0.1
37563,-0.1
37656,-0.1
37749,-0.1
37841,-0.1
37935,-0.1
38028,-0.1
38120,-0.1
38213,-0.1
38306,-0.1
38398,-0.1
38492,-0.1
38585,-0.1
38678,-0.1
38770,-0.1
38863,-0.1
38957,-0.1
39049,-0.1
39142,-0.1
39235,-0.1
39327,-0.1
39420,-0.1
39514,-0.1
39606,-0.1
39699,-0.1
39792,-0.1
39885,-0.1
39977,-0.1
40071,-0.1
40164,-0.1
40256,-0.1
40349,-0.1
40442,-0.1
40535,-0.1
40628,-0.1
40721,-0.1
40813,-0.1
40906,-0.1
40999,-0.1
41092,-0.1
41185,-0.1
41278,-0.1
41371,-0.1
41463,-0.1
41556,-0.1
41650,-0.1
41742,-0.1
41835,-0.1
41928,-0.1
42020,-0.1
42114,-0.1
42207,-0.1
42299,-0.1
42392,-0.1
42485,-0.1
42578,-0.1
42671,-0.1
42764,-0.1
42857,-0.1
42949,-0.1
43042,-0.1
43136,-0.1
43228,-0.1
43321,-0.1
43414,-0.1
43506,-0.1
43599,-0.1
43693,-0.0
43785,-0.1
43878,-0.1
43971,-0.1
44064,-0.1
44156,-0.1
44250,-0.1
44343,-0.1
44435,-0.1
44528,-0.1
44621,-0.1
44713,-0.1
44807,-0.0
44900,-0.0
44992,-0.0
45085,-0.0
45178,-0.1
45272,-0.1
45364,-0.1
45457,-0.0
45550,-0.1
45642,-0.0
45735,-0.1
45829,-0.1
45921,-0.1
46014,-0.1
46107,-0.0
46199,-0.1
46292,-0.1
46386,-0.1
46479,-0.0
46571,-0.1
46664,-0.1
46757,-0.1
46850,-0.1
46943,-0.0
47036,-0.0
47128,-0.1
47221,-0.1
47314,-0.1
47407,-0.1
47500,-0.0
47593,-0.0
47686,-0.0
47778,-0.1
47872,-0.1
47965,-0.1
48057,-0.1
48150,-0.1
48243,-0.1
48335,-0.0
48429,-0.0
48522,-0.0
48614,-0.0
48707,-0.0
48800,-0.0
48893,-0.1
48986,-0.1
49079,-0.1
49172,-0.0
49264,-0.0
49357,-0.0
49451,-0.1
49543,-0.1
49636,-0.0
49729,-0.0
49821,-0.0
49914,-0.0
50008,-0.0
50100,-0.0
50193,-0.0
50286,-0.0
50379,-0.0
50471,-0.0
50565,-0.0
50658,0.0
50750,0.0
50843,-0.0
50936,-0.0
51028,-0.0
51122,-0.0
51215,0.0
51307,0.0
51400,-0.0
51493,-0.0
51587,0.0
51679,0.0
51772,0.0
51865,0.0
51957,0.0
52050,0.0
52144,0.0
52236,0.0
52329,0.0
52422,0.0
52514,0.0
52608,0.0
52701,0.0
52793,0.0
52886,0.0
52979,0.0
53072,0.0
53165,0.0
53258,0.0
53351,0.0
53443,0.0
53536,0.0
53629,0.0
53722,0.0
53815,0.0
53908,0.0
54000,0.0
54093,0.0
54187,0.0
54279,0.0
54372,0.0
54465,-0.0
54558,-0.0
54650,-0.0
54744,0.0
54837,0.0
54929,-0.0
55022,-0.0
55115,-0.0
55207,0.0
55301,-0.0
55394,-0.0
55486,0.0
55579,0.0
55672,0.0
55764,-0.0
55858,0.0
55951,-0.0
56044,0.0
56136,0.0
56229,0.0
56323,0.0
56415,0.0
56508,0.0
56601,-0.0
56693,0.0
56786,0.0
56880,0.0
56972,0.0
57065,0.0
57158,0.0
57251,0.0
57344,0.0
57437,0.0
57530,0.0
57622,0.0
57715,0.0
57808,0.0
57901,0.0
57994,0.0
58087,0.0
58179,-0.0
58272,-0.0
58365,0.0
58458,0.0
58551,0.0
58644,0.0
58737,0.0
58829,0.0
58923,0.0
59016,0.0
59108,0.0
59201,0.0
59294,0.0
59386,-0.0
59480,0.0
59573,0.0
59665,-0.0
59758,0.0
59851,0.0
59944,0.0
60037,0.0
60130,0.0
60223,0.0
60315,0.0
60408,0.0
60502,0.0
60594,0.0
60687,-0.0
60780,-0.0
60872,0.0
60965,0.0
61059,0.0
61152,0.0
61244,-0.0
61337,-0.0
61430,0.0
61522,0.0
61616,0.0
61709,-0.0
61801,-0.0
61894,0.0
61987,0.0
62080,0.0
62173,0.0
62266,-0.0
62358,0.0
62451,0.0
62544,0.0
62638,0.0
62730,0.0
62823,0.0
62916,-0.0
63008,-0.0
63101,0.0
63195,0.0
63287,0.0
63380,0.0
63473,-0.0
63565,-0.0
63659,0.0
63752,0.0
63845,0.0
63937,-0.0
64030,0.0
64123,0.0
64216,0.0
64309,0.0
64402,-0.0
64494,-0.0
64587,0.0
64680,0.0
64773,-0.0
64866,0.0
64959,0.0
65052,0.0
65144,0.0
65238,0.0
65331,0.0
65423,-0.0
65516,0.0
65609,0.0
65701,0.0
65795,0.0
65888,0.0
65980,0.0
66073,0.0
66166,0.0
66259,0.0
66352,0.0
66445,0.0
66538,0.0
66630,0.0
66723,0.0
66817,0.0
66909,0.0
67002,0.0
67095,0.0
67187,0.0
67280,0.0
67374,0.0
67467,0.0
67559,0.0
67652,0.0
67745,0.0
67837,0.0
67931,0.0
68024,0.0
68116,0.0
68209,0.0
68302,0.0
68396,0.0
68488,-0.0
68581,