-0.0
192845,-0.0
192939,-0.0
193032,-0.0
193124,-0.0
193217,0.0
193310,0.0
193403,-0.0
193496,-0.0
193589,-0.0
193682,-0.0
193774,0.0
193867,0.0
193960,0.0
194054,-0.0
194146,0.0
194239,0.0
194332,-0.0
194425,-0.0
194518,0.0
194611,-0.0
194704,-0.0
194797,-0.0
194889,-0.0
194982,0.0
195076,-0.0
195168,-0.0
195261,-0.0
195354,-0.0
195447,0.0
195539,0.0
195633,-0.0
195726,-0.0
195819,-0.0
195911,0.0
196004,0.0
196098,0.0
196191,-0.0
196283,0.0
196376,0.0
196469,0.0
196561,0.0
196655,0.0
196748,-0.0
196841,-0.0
196933,-0.0
197026,-0.0
197120,-0.0
197213,-0.0
197305,-0.0
197398,-0.0
197491,0.0
197584,0.0
197677,0.0
197770,-0.0
197863,-0.0
197956,0.0
198048,-0.0
198141,0.0
198235,0.0
198327,0.0
198420,0.0
198513,0.0
198606,0.0
198699,-0.0
198792,-0.0
198885,-0.0
198978,-0.0
199070,-0.0
199163,-0.0
199257,-0.0
199350,0.0
199442,0.0
199535,0.0
199628,0.0
199720,0.0
199814,-0.0
199907,-0.0
200000,-0.0
200092,-0.0
200185,-0.0
200279,0.0
200372,0.0
200464,0.0
200557,0.0
200650,-0.0
200743,0.0
200836,0.0
200929,0.0
201022,-0.0
201115,-0.0
201207,0.0
201300,-0.0
201394,0.0
201486,0.0
201579,0.0
201672,-0.0
201765,-0.0
201858,-0.0
201951,-0.0
202044,0.0
202137,0.0
202229,0.0
202322,0.0
202416,-0.0
202509,-0.0
202601,-0.0
202694,0.0
202787,0.0
202880,-0.0
202973,0.0
203066,0.0
203159,-0.0
203251,-0.0
203344,-0.0
203438,0.0
203531,-0.0
203623,-0.0
203716,-0.0
203809,-0.0
203902,-0.0
203995,-0.0
204088,-0.0
204181,-0.0
204273,-0.0
204366,-0.0
204460,-0.0
204553,-0.0
204645,-0.0
204738,-0.0
204831,-0.0
204924,-0.0
205017,-0.0
205110,-0.0
205203,-0.0
205296,-0.0
205388,-0.0
205481,-0.0
205575,-0.0
205668,-0.0
205760,-0.0
205853,-0.0
205946,-0.0
206039,-0.0
206132,-0.0
206225,-0.0
206318,-0.0
206410,-0.0
206503,-0.0
206597,-0.0
206690,-0.0
206782,-0.0
206875,-0.0
206968,-0.0
207062,-0.0
207154,-0.0
207247,-0.0
207340,-0.0
207433,-0.0
207525,-0.0
207619,0.0
207712,-0.0
207804,-0.0
207897,-0.0
207990,-0.0
208083,-0.0
208176,-0.0
208269,-0.0
208362,-0.0
208455,-0.0
208547,-0.0
208641,-0.0
208734,-0.0
208827,-0.0
208919,-0.0
209012,-0.0
209105,-0.0
209199,-0.0
209291,-0.0
209384,-0.0
209477,-0.0
209569,-0.0
209662,-0.0
209756,-0.1
209849,-0.0
209941,-0.0
210034,-0.0
210127,-0.0
210221,-0.0
210313,-0.0
210406,-0.0
210499,-0.0
210592,-0.0
210684,-0.0
210778,-0.0
210871,-0.0
210964,-0.0
211056,-0.0
211149,-0.0
211243,-0.0
211335,0
reset
858,0.0
961,0.0
1054,-0.0
1146,0.0
1240,0.0
1333,-0.0
1426,-0.0
1518,-0.0
1611,0.0
1704,-0.0
1797,-0.0
1890,-0.0
1983,-0.0
2076,-0.0
2168,-0.0
2262,-0.0
2355,0.0
2448,0.0
2540,0.0
2633,0.0
2726,0.0
2820,0.0
2912,-0.0
3005,-0.0
3098,-0.0
3191,-0.0
3283,-0.0
3377,0.0
3470,0.0
3562,0.0
3655,0.0
3748,-0.0
3842,-0.0
3934,-0.0
4027,-0.0
4120,-0.0
4213,-0.0
4305,-0.0
4399,-0.0
4492,-0.0
4585,-0.0
4677,0.0
4770,-0.0
4864,-0.0
4956,-0.0
5049,0.0
5142,0.0
5235,-0.0
5327,-0.0
5421,-0.0
5514,-0.0
5607,-0.0
5699,-0.0
5792,-0.0
5885,-0.0
5979,-0.0
6071,-0.0
6164,-0.0
6257,-0.0
6349,-0.0
6443,-0.1
6536,0.1
6629,0.4
6721,0.6
6814,0.8
6907,0.8
7001,0.7
7093,0.6
7186,0.7
7279,0.8
7372,0.9
7464,0.9
7558,0.9
7651,0.8
7743,1.0
7836,1.4
7929,2.2
8023,3.8
8115,5.6
8208,6.9
8301,8.2
8394,8.3
8486,8.0
8580,9.2
8673,10.3
8766,10.8
8858,11.2
8951,10.7
9044,7.2
9137,3.2
9230,1.3
9323,0.9
9416,0.9
9508,0.9
9602,0.9
9695,0.9
9788,0.9
9880,0.9
9973,0.8
10066,0.8
10160,0.8
10252,0.8
10345,0.8
10438,0.8
10530,0.8
10624,0.8
10717,0.7
10810,0.7
10902,0.7
10995,0.7
11088,0.7
11182,0.7
11274,0.7
11367,0.7
11460,0.7
11553,0.7
11645,0.7
11739,0.7
11832,0.7
11924,0.7
12017,0.7
12110,0.7
12204,0.8
12296,0.7
12389,0.7
12482,0.7
12575,0.6
12667,0.6
12761,0.6
12854,0.6
12947,0.7
13039,0.7
13132,0.6
13225,0.6
13318,0.7
13411,0.7
13504,0.8
13597,0.8
13689,0.8
13783,0.8
13876,0.7
13969,0.7
14061,0.7
14154,0.8
14247,0.7
14341,0.7
14433,0.7
14526,0.7
14619,0.8
14711,0.8
14804,0.8
14898,0.7
14991,0.7
15083,0.8
15176,0.7
15269,0.7
15363,0.7
15455,0.7
15548,0.7
15641,0.7
15734,0.8
15826,0.8
15920,0.7
16013,0.7
16105,0.8
16198,0.8
16291,0.8
16385,0.8
16477,0.8
16570,0.7
16663,0.7
16756,0.8
16848,0.8
16942,0.8
17035,0.7
17128,0.8
17220,0.8
17313,0.8
17406,0.8
17499,0.7
17592,0.7
17685,0.7
17778,0.7
17870,0.7
17964,0.9
18057,1.1
18150,1.5
18242,2.6
18335,4.0
18428,5.5
18522,6.9
18614,8.2
18707,9.3
18800,10.1
18893,10.7
18985,11.1
19079,11.3
19172,10.8
19264,9.9
19357,9.8
19450,8.8
19544,6.1
19636,3.6
19729,1.9
19822,1.1
19915,0.7
20007,0.4
20101,0.3
20194,0.3
20286,0.1
20379,-0.1
20472,-0.1
20566,0.4
20658,0.9
20751,1.2
20844,1.4
20937,1.4
21029,1.3
21123,1.0
21216,1.3
21309,3.0
21401,7.2
21494,11.1
21587,13.0
21681,14.1
21773,15.1
21866,16.2
21959,17.1
22051,17.7
22145,18.0
22238,18.4
22331,18.8
22423,18.7
22516,18.2
22609,17.1
22703,14.0
22795,9.8
22888,6.6
22981,4.2
23073,2.8
23166,2.0
23260,1.4
23353,1.3
23445,1.3
23538,1.4
23631,1.4
23725,1.3
23817,1.1
23910,0.9
24003,0.8
24096,0.8
24188,1.1
24282,1.2
24375,1.3
24467,1.6
24560,2.5
24653,4.2
24747,6.7
24839,9.0
24932,11.3
25025,13.3
25118,14.7
25210,15.3
25304,16.1
25397,16.8
25490,16.6
25582,16.6
25675,16.5
25768,16.7
25861,16.4
25954,15.1
26047,12.4
26140,8.8
26232,5.8
26326,3.8
26419,2.4
26512,1.4
26604,0.8
26697,0.5
26790,0.4
26883,0.3
26976,0.3
27069,0.4
27162,0.4
27254,0.4
27347,0.4
27441,0.4
27534,0.5
27626,0.7
27719,0.8
27812,0.9
27906,1.1
27998,1.6
28091,2.7
28184,4.5
28276,6.6
28369,8.8
28463,10.5
28556,11.7
28648,12.6
28741,13.4
28834,14.0
28928,14.7
29020,15.3
29113,15.9
29206,16.3
29299,16.5
29391,16.7
29485,16.2
29578,14.3
29670,11.7
29763,9.5
29856,7.0
29949,4.4
30042,2.9
30135,2.1
30228,1.6
30320,1.3
30413,0.9
30507,0.7
30600,0.7
30692,0.7
30785,0.7
30878,0.7
30971,0.7
31064,0.6
31157,0.6
31250,0.7
31342,0.9
31435,1.4
31528,2.6
31622,4.1
31714,6.0
31807,8.0
31900,9.6
31993,10.4
32086,10.9
32179,11.0
32272,11.0
32365,11.5
32457,12.4
32550,13.2
32644,13.8
32736,14.2
32829,14.3
32922,13.5
33015,11.6
33107,8.4
33201,5.7
33294,4.0
33387,2.8
33479,2.0
33572,1.4
33666,1.1
33758,0.9
33851,0.7
33944,0.7
34037,0.7
34129,0.7
34223,0.6
34316,0.6
34409,0.6
34501,0.6
34594,0.7
34688,0.8
34780,0.9
34873,1.1
34966,1.9
35059,3.4
35151,4.6
35245,6.1
35338,7.9
35431,9.0
35523,10.0
35616,10.8
35709,11.3
35802,11.4
35895,11.3
35988,11.8
36081,12.4
36173,12.7
36267,12.3
36360,11.0
36453,8.1
36545,4.6
36638,2.4
36731,1.6
36824,1.3
36917,1.0
37010,0.8
37103,0.6
37195,0.2
37288,0.0
37382,0.1
37475,0.4
37567,0.6
37660,0.6
37753,0.6
37846,0.5
37939,0.5
38032,0.6
38125,0.8
38217,1.4
38310,2.2
38404,3.1
38497,4.1
38589,5.2
38682,6.2
38775,7.1
38867,8.1
38961,9.0
39054,9.5
39147,9.7
39239,9.8
39332,9.6
39426,9.3
39519,9.1
39611,9.3
39704,9.7
39797,10.5
39889,12.0
39983,13.2
40076,13.9
40169,14.2
40261,13.7
40354,11.6
40448,7.7
40540,3.9
40633,1.8
40726,1.0
40819,0.6
40911,0.4
41005,0.4
41098,0.4
41191,0.4
41283,0.4
41376,0.4
41469,0.4
41562,0.5
41655,0.5
41748,0.6
41841,0.7
41933,0.8
42027,0.8
42120,0.8
42212,1.1
42305,1.7
42398,2.9
42491,4.7
42584,6.7
42677,8.4
42770,9.5
42863,10.5
42955,11.4
43048,12.1
43142,12.9
43234,13.6
43327,14.0
43420,14.3
43513,14.2
43606,13.8
43699,13.3
43792,10.9
43885,6.4
43977,2.9
44070,1.4
44164,1.1
44256,1.1
44349,1.2
44442,1.3
44535,1.4
44627,1.3
44721,1.2
44814,1.1
44907,1.0
44999,1.0
45092,0.9
45186,1.0
45278,1.0
45371,0.8
45464,0.6
45557,0.6
45649,0.7
45743,0.8
45836,0.7
45929,0.7
46021,0.7
46114,0.8
46208,0.8
46300,0.8
46393,0.7
46486,0.5
46579,0.5
46671,0.5
46765,0.4
46858,0.4
46950,0.4
47043,0.4
47136,0.4
47229,0.4
47322,0.4
47415,0.4
47508,0.4
47601,0.4
47693,0.4
47787,0.4
47880,0.5
47972,0.4
48065,0.4
48158,0.4
48251,0.4
48344,0.4
48437,0.4
48530,0.4
48623,0.4
48715,0.4
48808,0.4
48902,0.4
48994,0.4
49087,0.4
49180,0.4
49273,0.4
49366,0.4
49459,0.4
49552,0.4
49644,0.4
49737,0.4
49830,0.4
49924,0.4
50016,0.4
50109,0.4
50202,0.4
50295,0.4
50387,0.4
50481,0.4
50574,0.4
50666,0.4
50759,0.4
50852,0.4
50946,0.4
51038,0.4
51131,0.4
51224,0.4
51317,0.4
51409,0.4
51503,0.4
51596,0.4
51688,0.4
51781,0.4
51874,0.4
51968,0.4
52060,0.4
52153,0.4
52246,0.4
52338,0.4
52431,0.4
52525,0.4
52618,0.4
52710,0.4
52803,0.4
52896,0.4
52988,0.4
53082,0.3
53175,0.3
53268,0.3
53360,0.4
53453,0.3
53547,0.3
53640,0.3
53732,0.4
53825,0.4
53918,0.4
54010,0.3
54104,0.3
54197,0.3
54290,0.3
54382,0.3
54475,0.3
54568,0.3
54661,0.3
54754,0.3
54847,0.4
54940,0.4
55032,0.3
55126,0.3
55219,0.3
55312,0.3
55404,0.4
55497,0.3
55590,0.3
55683,0.3
55776,0.3
55869,0.3
55962,0.3
56054,0.3
56147,0.3
56241,0.3
56333,0.3
56426,0.3
56519,0.3
56612,0.3
56705,0.3
56798,0.3
56891,0.3
56983,0.3
57076,0.3
57169,0.3
57263,0.3
57355,0.3
57448,0.3
57541,0.3
57634,0.3
57726,0.3
57820,0.3
57913,0.3
58005,0.3
58098,0.3
58191,0.3
58285,0.3
58377,0.3
58470,0.3
58563,0.3
58655,0.3
58748,0.3
58842,0.3
58935,0.3
59027,0.3
59120,0.3
59213,0.3
59307,0.3
59399,0.3
59492,0.3
59585,0.3
59677,0.3
59770,0.3
59864,0.3
59957,0.3
60049,0.3
60142,0.3
60235,0.3
60328,0.3
60421,0.3
60514,0.3
60607,0.3
60699,0.3
60792,0.3
60886,0.3
60979,0.3
61071,0.3
61164,0.3
61257,0.3
61350,0.3
61443,0.3
61536,0.3
61629,0.3
61721,0.3
61814,0.3
61907,0.3
62001,0.3
62093,0.3
62186,0.3
62279,0.3
62371,0.3
62465,0.3
62558,0.3
62651,0.3
62743,0.3
62836,